Run1:
mean_variance: 0.03065610619544307
trust: [0.625, 0.06, 0.194, 0.177, 0.55, 0.286, 0.733, 0.367, 0.671, 0.289]
connections: [[8, 4, 5, 6], [8, 0, 2, 6], [9, 4, 5, 6], [8, 0, 6, 7], [1, 2, 6, 9], [9, 2, 6, 1], [8, 2, 5, 7], [0, 3, 5, 6], [0, 9, 6, 7], [8, 1, 3, 6]]

Run2:
mean_variance: 0.030258544315408302
trust: [0.425, 0.177, 0.587, 0.498, 0.377, 0.665, 0.311, 0.265, 0.061, 0.741]
connections: [[9, 3, 4, 6], [0, 9, 2, 5], [0, 9, 4, 7], [8, 9, 4, 5], [0, 9, 2, 5], [9, 3, 1, 7], [0, 9, 5, 8], [0, 9, 5, 1], [0, 9, 5, 6], [8, 0, 4, 5]]

Run3:
mean_variance: 0.03074242881601562
trust: [0.057, 0.518, 0.101, 0.69, 0.344, 0.381, 0.154, 0.606, 0.467, 0.668]
connections: [[1, 4, 5, 9], [8, 9, 3, 7], [0, 9, 1, 6], [8, 9, 2, 5], [0, 1, 3, 5], [8, 0, 4, 1], [0, 9, 2, 7], [8, 9, 5, 1], [9, 2, 4, 6], [8, 1, 3, 4]]

Status: achieved
