Run1:
mean_variance: 0.0003503461263630913
trust: [0.671, 0.402, 0.588, 0.334, 0.531, 0.139, 0.747, 0.732, 0.464, 0.391]
roles: [0, 0, 0, 1, 2, 1, 0, 2, 1, 0]
connections: [[9, 4, 5, 1], [3, 4, 5, 6], [8, 0, 6, 7], [9, 2, 1, 7], [8, 3, 5, 7], [2, 4, 6, 7], [8, 9, 5, 7], [9, 3, 6, 1], [1, 3, 6, 7], [8, 4, 5, 6]]

Run2:
mean_variance: 0.00024172313958772533
trust: [0.376, 0.594, 0.218, 0.557, 0.42, 0.379, 0.587, 0.702, 0.726, 0.446]
roles: [1, 1, 1, 1, 1, 2, 0, 1, 1, 1]
connections: [[1, 2, 5, 7], [0, 4, 5, 7], [0, 1, 3, 5], [1, 2, 4, 5], [9, 3, 1, 6], [0, 1, 3, 4], [8, 2, 4, 5], [8, 0, 3, 6], [9, 3, 5, 7], [8, 2, 3, 6]]

Run3:
mean_variance: 0.0002976739875524194
trust: [0.464, 0.479, 0.254, 0.516, 0.356, 0.544, 0.744, 0.598, 0.644, 0.401]
roles: [0, 1, 2, 0, 1, 1, 1, 2, 0, 1]
connections: [[1, 3, 4, 7], [8, 2, 6, 7], [0, 4, 6, 7], [8, 4, 5, 6], [0, 1, 6, 9], [0, 4, 6, 7], [8, 1, 3, 7], [0, 8, 3, 5], [9, 4, 5, 6], [8, 2, 3, 7]]

Status: not achieved
