Run1:
mean_variance: 0.03266424209744664
trust: [0.672, 0.481, 0.587, 0.728, 0.48, 0.177, 0.339, 0.487, 0.445, 0.603]
roles: [1, 1, 0, 0, 2, 1, 0, 2, 1, 1]
connections: [[3, 4, 6, 7], [0, 9, 3, 7], [8, 9, 3, 6], [0, 2, 5, 7], [1, 2, 5, 9], [8, 9, 2, 7], [0, 9, 2, 4], [0, 2, 3, 4], [4, 5, 6, 7], [0, 1, 6, 7]]

Run2:
mean_variance: 0.03108068774138984
trust: [0.292, 0.472, 0.475, 0.791, 0.768, 0.378, 0.267, 0.477, 0.76, 0.321]
roles: [0, 2, 1, 1, 0, 1, 2, 1, 1, 2]
connections: [[1, 4, 6, 9], [8, 0, 2, 5], [9, 4, 5, 6], [2, 4, 6, 7], [0, 9, 3, 7], [8, 1, 2, 7], [8, 0, 3, 4], [8, 1, 3, 9], [0, 9, 2, 3], [0, 1, 2, 8]]

Run3:
mean_variance: 0.03150705458441116
trust: [0.263, 0.572, 0.413, 0.57, 0.314, 0.647, 0.423, 0.73, 0.647, 0.422]
roles: [1, 0, 0, 1, 2, 0, 0, 0, 2, 2]
connections: [[9, 2, 3, 5], [8, 5, 6, 7], [1, 3, 5, 6], [2, 4, 5, 7], [0, 3, 5, 7], [8, 9, 2, 0], [0, 8, 5, 9], [9, 4, 5, 6], [1, 2, 3, 6], [8, 2, 3, 6]]

Status: achieved
