Run1:
mean_variance: 0.0020797931962279587
trust: [0.456, 0.764, 0.605, 0.322, 0.538, 0.488, 0.513, 0.552, 0.703, 0.061]
roles: [2, 1, 2, 0, 1, 2, 2, 1, 2, 0]
connections: [[1, 2, 3, 4], [0, 4, 5, 6], [0, 3, 5, 7], [0, 2, 6, 7], [0, 2, 3, 6], [1, 2, 3, 7], [8, 1, 3, 7], [8, 2, 3, 5], [0, 1, 4, 7], [8, 1, 3, 0]]

Run2:
mean_variance: 0.0013997498045892113
trust: [0.29, 0.591, 0.616, 0.232, 0.382, 0.844, 0.738, 0.425, 0.3, 0.582]
roles: [1, 2, 2, 0, 2, 2, 1, 1, 0, 2]
connections: [[8, 9, 6, 7], [9, 3, 4, 6], [0, 1, 5, 7], [8, 1, 4, 5], [0, 8, 3, 5], [8, 1, 2, 0], [9, 2, 3, 7], [1, 2, 5, 6], [0, 1, 4, 6], [8, 2, 3, 5]]

Run3:
mean_variance: 0.0019266118943540044
trust: [0.392, 0.3, 0.515, 0.62, 0.693, 0.639, 0.541, 0.665, 0.502, 0.174]
roles: [1, 0, 1, 1, 0, 2, 2, 1, 1, 1]
connections: [[8, 2, 5, 7], [0, 4, 5, 6], [8, 1, 3, 7], [0, 8, 4, 6], [0, 9, 2, 8], [8, 0, 4, 7], [0, 1, 3, 7], [0, 1, 3, 5], [1, 2, 6, 9], [8, 1, 4, 0]]

Status: not achieved
